1.000000000000000000e+00 0.000000000000000000e+00 0.000000000000000000e+00 0.000000000000000000e+00 0.000000000000000000e+00 1.000000000000000000e+00 0.000000000000000000e+00 0.000000000000000000e+00 0.000000000000000000e+00 0.000000000000000000e+00 1.000000000000000000e+00 0.000000000000000000e+00
9.999995811642067300e-01 5.655929509784299704e-04 -7.195665535022808352e-04 3.561097502574041562e-01 -5.658062217854311357e-04 9.999997960588362655e-01 -2.962188469582391673e-04 1.952396596870961329e-02 7.193988674612539777e-04 2.966258581241437513e-04 9.999996972391390626e-01 -1.038045791011823425e-04
9.999969717672894109e-01 2.066392794124737118e-03 -1.336591587342101208e-03 7.522148364740076643e-01 -2.066984622368946752e-03 9.999977662974186554e-01 -4.415594458858546111e-04 1.620815057386738173e-02 1.335676166536866162e-03 4.443208229985207884e-04 9.999990092736014136e-01 -8.127842082224194173e-03
9.999863144976511853e-01 4.852767884022344061e-03 -1.954855817825749097e-03 1.185194871455546028e+00 -4.851877000378940902e-03 9.999881236760452818e-01 4.602134673143630484e-04 1.558747067244394685e-02 1.957065910458749211e-03 -4.507224490803094234e-04 9.999979833691146069e-01 -1.083119027112355165e-02
9.999743976232503551e-01 6.676658355146209561e-03 -2.574166122495715955e-03 1.559822149924367851e+00 -6.675850005317323504e-03 9.999776642644431224e-01 3.224886588195670497e-04 1.055188621190364384e-02 2.576261773200271867e-03 -3.052956554208757995e-04 9.999966348292571583e-01 -1.033829641017127918e-02
9.999596504339555159e-01 8.339614857704791273e-03 -3.338911203760316308e-03 1.934341122743223673e+00 -8.334830382427761003e-03 9.999642216534764261e-01 1.444304487742097132e-03 1.809773578637335900e-02 3.350836686203280661e-03 -1.416416952137450683e-03 9.999933828063664043e-01 -1.013618009957294348e-02
9.999379645096634350e-01 1.036136600320979734e-02 -4.087692113960787396e-03 2.354604506302722555e+00 -1.035596929398673385e-02 9.999454787370849473e-01 1.339198732069455397e-03 8.794266671235968086e-03 4.101345176038332513e-03 -1.296783640204003879e-03 9.999907486171747406e-01 -9.394896827342664666e-03
9.999109123506754182e-01 1.238167529869951301e-02 -4.986128642290391273e-03 2.782439190422428155e+00 -1.237118032409595565e-02 9.999212049563405147e-01 2.130205635325272892e-03 1.983955032601694268e-03 5.012111274562387232e-03 -2.068331563759729513e-03 9.999853002645158195e-01 -1.599030830929237812e-02
9.998765294333157305e-01 1.462283803860305216e-02 -5.753129242811923401e-03 3.214002479396115941e+00 -1.460471112654778726e-02 9.998882878466824886e-01 3.180289285569997109e-03 -7.509445556506377448e-03 5.798991403494689785e-03 -3.095873822784725189e-03 9.999783933985652018e-01 -2.398416335250943068e-02
9.998299885886140492e-01 1.728979169273244312e-02 -6.407575369340662644e-03 3.631543320101252359e+00 -1.725899108182985323e-02 9.998393793656837891e-01 4.831427996111215331e-03 -1.413001412127161405e-02 6.490080564151607875e-03 -4.720018312062984264e-03 9.999677996222701148e-01 -2.963116718073012176e-02
9.997644037691379992e-01 2.054346701816766110e-02 -7.007347501970660926e-03 4.063226361828247590e+00 -2.050818809002407164e-02 9.997768307296289736e-01 5.069808426666021391e-03 -2.141090638301018645e-02 7.109935119543051192e-03 -4.924905998326932662e-03 9.999625963622357228e-01 -3.457699917739715662e-02
9.996814902523029067e-01 2.394737879116543705e-02 -7.964991900009063194e-03 4.498343848872210948e+00 -2.390148975486465488e-02 9.996974501503098631e-01 5.807490892539032487e-03 -1.772338450901465162e-02 8.101656277136807041e-03 -5.615265977784450122e-03 9.999514147965219424e-01 -3.398812980406763773e-02
9.995666972761080293e-01 2.803577843410380230e-02 -8.967319785045278421e-03 4.945647653255490717e+00 -2.797994520143387912e-02 9.995886800270274986e-01 6.292330915461964540e-03 -2.752992367280080593e-02 9.140041742693611262e-03 -6.038699315147363737e-03 9.999399950734658704e-01 -3.938823163909819375e-02
9.994478469152549005e-01 3.191206479138346958e-02 -9.253184166105101263e-03 5.392230054268025263e+00 -3.184740430388948579e-02 9.994678569404029655e-01 7.053068981856545731e-03 -5.307670859607188651e-02 9.473338142699039635e-03 -6.754484710824995054e-03 9.999323141096727596e-01 -4.444854029565190046e-02
9.992990253160083380e-01 3.615047386947839447e-02 -9.726316953904122833e-03 5.842093834570298405e+00 -3.606983335593054452e-02 9.993144500896783411e-01 8.342479465906969122e-03 -7.967873165386291090e-02 1.002123366412754381e-02 -7.985804967305363405e-03 9.999178975270285319e-01 -4.813356204701731145e-02
9.991198334892213984e-01 4.060447108193687704e-02 -1.052783247523882658e-02 6.275008759827446880e+00 -4.051878784430704150e-02 9.991448963828509777e-01 8.228235760483808281e-03 -9.143944267137082971e-02 1.085293324860043575e-02 -7.794418532400031185e-03 9.999107264549387253e-01 -3.665546255276476428e-02
9.989248541884769850e-01 4.510325021110910687e-02 -1.071599295091650757e-02 6.715229113144532747e+00 -4.500527144526524775e-02 9.989442471495172393e-01 9.215021921961049495e-03 -1.108706911817321089e-01 1.112030695025988981e-02 -8.722838258177014609e-03 9.999001204450640445e-01 -4.365500449993970494e-02
9.987001681711384915e-01 4.973799580188585645e-02 -1.114028134973955690e-02 7.169285834768100329e+00 -4.963484164284671929e-02 9.987236435757359532e-01 9.352339701697768778e-03 -1.275290100852569941e-01 1.159122901289156259e-02 -8.787237132228094619e-03 9.998942083408387527e-01 -4.480242921189207111e-02
9.984065659591381259e-01 5.528935718693829549e-02 -1.128787099218993631e-02 7.639174069714029791e+00 -5.518306832396907557e-02 9.984308660818538295e-01 9.520221919232883107e-03 -1.642286127499877901e-01 1.179652576114382026e-02 -8.882152717356053828e-03 9.998909687276269498e-01 -4.886079882204771851e-02
9.980798940342356929e-01 6.093449446948491499e-02 -1.111361814879010396e-02 8.105185943498055323e+00 -6.081768599212780679e-02 9.980930071623311806e-01 1.056210794385370119e-02 -1.892497148351607872e-01 1.173602126667063275e-02 -9.865923038570131864e-03 9.998824577756253440e-01 -5.275341908627748100e-02
9.977356575491181934e-01 6.632765132169132771e-02 -1.114451996170928195e-02 8.575166490121937102e+00 -6.620633671250603092e-02 9.977461598143601007e-01 1.092344061216963397e-02 -2.085879877324806342e-01 1.184392815492710423e-02 -1.016086836079764175e-02 9.998782316462417885e-01 -5.737624140022293262e-02
9.973355774821307529e-01 7.212342252680330190e-02 -1.095252534372536876e-02 9.061863185432923018e+00 -7.199841327627355680e-02 9.973394913133432071e-01 1.140909954995130218e-02 -2.522242488687147510e-01 1.174624936239905895e-02 -1.059013644208539953e-02 9.998749294967117507e-01 -4.505495164918141282e-02
9.969019733666928396e-01 7.798554023418929892e-02 -1.023283987831605582e-02 9.535151430082013491e+00 -7.787805619104282151e-02 9.969074596088468576e-01 1.051310325927724311e-02 -2.993871973935718356e-01 1.102106444488871323e-02 -9.683619706343854147e-03 9.998923760324830434e-01 -3.850922056813934485e-02
9.964644278489027673e-01 8.336305654522048469e-02 -1.045202541123555623e-02 1.000069453073456849e+01 -8.326367201774019511e-02 9.964812233482086556e-01 9.608976874765190815e-03 -3.365027723078083399e-01 1.121628075080733852e-02 -8.704729627964031061e-03 9.998992062844249684e-01 -2.384975878482671272e-02
9.960082712765401247e-01 8.867234145155999947e-02 -1.023422738735092243e-02 1.046789912119364097e+01 -8.857191023589952583e-02 9.960207611432791985e-01 9.882311912022963621e-03 -3.730188741356337268e-01 1.106979068825638020e-02 -8.936399334223322014e-03 9.998987951293157872e-01 -1.552066344837031188e-02
9.955119975765741591e-01 9.405593617494564795e-02 -1.045674669070307747e-02 1.095515407484533377e+01 -9.394506312586919927e-02 9.955206016153745896e-01 1.063282058717392176e-02 -4.257107796799775024e-01 1.140998665097518391e-02 -9.602740734661507210e-03 9.998887936040724567e-01 -1.717594948608987607e-02
9.949328509831210088e-01 1.000025798351851375e-01 -1.039740645094507261e-02 1.142385619855360090e+01 -9.988215636023815847e-02 9.949325745089405704e-01 1.152072141145461283e-02 -4.772913169788507992e-01 1.149682023116256439e-02 -1.042382882240657817e-02 9.998795762076818638e-01 -1.541949357048182784e-02
9.943231083018415628e-01 1.058883992057593482e-01 -1.045003400023346296e-02 1.189862831771525897e+01 -1.057748495684815992e-01 9.943305821913527298e-01 1.088000541225026332e-02 -5.433124282318172460e-01 1.154285474782474827e-02 -9.712890025489327728e-03 9.998862046611221022e-01 -1.632203231243361738e-02
9.936632234225540872e-01 1.119055018562362114e-01 -1.051461229923404163e-02 1.239514163848744843e+01 -1.117861387208748947e-01 9.936677186213476176e-01 1.132802541150705611e-02 -6.143031965817583595e-01 1.171569918428274661e-02 -1.008085433633231290e-02 9.998805522503541043e-01 -2.609422519138430985e-02
9.929570011032287091e-01 1.179742328655727784e-01 -1.088459185556679872e-02 1.289454740796154653e+01 -1.178444147234353062e-01 9.929609404844790266e-01 1.188547814224541130e-02 -6.678152127261925974e-01 1.221015473176524473e-02 -1.051908037607923729e-02 9.998701221005995565e-01 -1.331928468475733138e-02
9.922009729298714165e-01 1.241444696006554216e-01 -1.119732042001156044e-02 1.338939117155744185e+01 -1.240125335027000009e-01 9.922105251136730253e-01 1.179683804630921214e-02 -7.264860427113665198e-01 1.257461137602961312e-02 -1.031622611331697338e-02 9.998677185645712395e-01 -1.918309853314987753e-02
9.915956819828217750e-01 1.288859413233971740e-01 -1.124355825370156395e-02 1.386211128480457688e+01 -1.287650250172298338e-01 9.916153446607024469e-01 1.088928674195542221e-02 -7.938280835662712143e-01 1.255276086503427299e-02 -9.349992653375223395e-03 9.998774954123365033e-01 -6.344314095707192375e-03
9.907892391133790166e-01 1.349759584588850758e-01 -1.087080011943714584e-02 1.435630656988574572e+01 -1.348713766983829776e-01 9.908142327731325194e-01 9.842148224429922779e-03 -8.551740993529972634e-01 1.209939686985703720e-02 -8.285334772602582706e-03 9.998924731305319780e-01 -2.534972627949323536e-03
9.899903307794033491e-01 1.407410733044187345e-01 -1.054017307295160820e-02 1.485378639776619636e+01 -1.406451884292030663e-01 9.900159331443092459e-01 9.347892389009189451e-03 -9.243812870711869412e-01 1.175057168828406821e-02 -7.771898450363783767e-03 9.999007559050426819e-01 2.420347964499992496e-02
9.891708514188322088e-01 1.464150071803446973e-01 -1.018196325480955761e-02 1.536054262140818949e+01 -1.463276537521172316e-01 9.891965396183195480e-01 8.855718747948508954e-03 -9.822900012722721730e-01 1.136857294224648957e-02 -7.269916060167387964e-03 9.999089477896149214e-01 4.041026383383991560e-02
9.882161634881206913e-01 1.527486233470804478e-01 -9.832206588129013825e-03 1.588093811224665686e+01 -1.526758403275343401e-01 9.882457391571312089e-01 7.774755176641189036e-03 -1.087896113458205249e+00 1.090421941732369962e-02 -6.181998329603246786e-03 9.999214373617317797e-01 3.124136481005094362e-02
9.872828558910278218e-01 1.587148449200810607e-01 -9.064241041066371449e-03 1.638736730297587485e+01 -1.586407133202160924e-01 9.873007491909679967e-01 8.387772302954761908e-03 -1.168199193690539373e+00 1.028039595098076582e-02 -6.843146129363693840e-03 9.999237394972394499e-01 2.710865909742719154e-02
9.864045380708027499e-01 1.640836527297921676e-01 -9.090774454091369791e-03 1.686845202948050471e+01 -1.640174564471321983e-01 9.864280982795305963e-01 7.607950134020219878e-03 -1.235385146999188555e+00 1.021573560441363902e-02 -6.013470834519284332e-03 9.999297359887758807e-01 4.303405013373411830e-02
9.854096825463233289e-01 1.699669156146342286e-01 -8.888483582821942591e-03 1.734852128038892616e+01 -1.698945918951088041e-01 9.854268890337152254e-01 8.347096149456783784e-03 -1.328064941202247606e+00 1.017768091210943804e-02 -6.715204075949937970e-03 9.999256576593430479e-01 3.829549254754516241e-02
9.844343627853867629e-01 1.754949650197762112e-01 -9.513286500318574035e-03 1.783280945307081211e+01 -1.754161045042232081e-01 9.844570096265308212e-01 8.578256102034354305e-03 -1.425291346845625418e+00 1.087086233438126770e-02 -6.775946420697546817e-03 9.999179520851751990e-01 3.376674135741108973e-02
9.833360984773014124e-01 1.815632341852464471e-01 -9.214630954761597603e-03 1.832157359125275065e+01 -1.814988379678719177e-01 9.833632617775678320e-01 7.407239870200604641e-03 -1.504351233386059583e+00 1.040621197897043451e-02 -5.611361543856563557e-03 9.999301092445775918e-01 5.340012688915907885e-02
9.822653896995477973e-01 1.872471107954448433e-01 -9.655241952111546025e-03 1.883899120714144715e+01 -1.871735983564588313e-01 9.822940015951067139e-01 8.033586283063793437e-03 -1.619428032861704558e+00 1.098855207433821306e-02 -6.083907381839640145e-03 9.999211157857798016e-01 5.096527065895146980e-02
9.811110431373618601e-01 1.931952045124251671e-01 -9.835343782500973603e-03 1.933337562992006298e+01 -1.931244110003604852e-01 9.811439912433603805e-01 7.709106486012499634e-03 -1.726772563024763674e+00 1.113925085818682353e-02 -5.664044531167167565e-03 9.999219147962841170e-01 5.407143645116254532e-02
9.800069941075605362e-01 1.987206636764135559e-01 -9.817806693428717327e-03 1.982403650582065779e+01 -1.986691033931751726e-01 9.800483560200226041e-01 5.983913385309316130e-03 -1.819692515026323010e+00 1.081105254892803132e-02 -3.913782116665981761e-03 9.999338995415284481e-01 7.530205520377195039e-02
9.788020712374383425e-01 2.045396290028327901e-01 -1.049025779875030311e-02 2.030625482051663866e+01 -2.044975486047648228e-01 9.788545612610205504e-01 4.949799302690011463e-03 -1.922396736956689667e+00 1.128086680812142271e-02 -2.699641805606157758e-03 9.999327247261081686e-01 9.791851098776946372e-02
9.775753699115821149e-01 2.103514530786450287e-01 -9.932891318038206130e-03 2.078688892991759118e+01 -2.102867892059695210e-01 9.776134465848156374e-01 7.170449218987934303e-03 -2.020159384209753828e+00 1.121884252842047028e-02 -4.920898724882240977e-03 9.999249583484062232e-01 8.268152589955765630e-02
9.764840175649595055e-01 2.153278768588393899e-01 -1.062397701712167186e-02 2.130985614053745891e+01 -2.152818333723566513e-01 9.765374924058507489e-01 5.315839118139312723e-03 -2.123576715086580524e+00 1.151936022670949078e-02 -2.903682688857913731e-03 9.999294339936242171e-01 1.043835409464811265e-01
9.750850092316827311e-01 2.215855056831929626e-01 -1.044454129068136949e-02 2.179603292052882679e+01 -2.215382149589788519e-01 9.751361769033726201e-01 5.500527889547548316e-03 -2.250860176576612304e+00 1.140368731763434854e-02 -3.049617254355700691e-03 9.999303254478101310e-01 1.107024688025977088e-01
9.737822737050111366e-01 2.272195632644451735e-01 -1.092490218782819940e-02 2.225737910347530857e+01 -2.271857919003444082e-01 9.738421375199856067e-01 4.255249595354353501e-03 -2.373300261401336986e+00 1.160600605342900458e-02 -1.661704071170937592e-03 9.999312673194431511e-01 1.208799120721741893e-01
9.725785219699604189e-01 2.322748513774194890e-01 -1.180728674695661826e-02 2.275193957560701463e+01 -2.322398283916443096e-01 9.726491611632389622e-01 4.274505476323047469e-03 -2.496558781688268169e+00 1.247720767426608451e-02 -1.415169970430630577e-03 9.999211551830514688e-01 1.161243208957960793e-01
9.710709437239490871e-01 2.385182848594676885e-01 -1.141271408459899363e-02 2.324153882972554896e+01 -2.384943561822729929e-01 9.711378135020486413e-01 3.433548552632221043e-03 -2.609598539652391747e+00 1.190228231399704552e-02 -6.123513354277748764e-04 9.999289778287056007e-01 1.494378076828639101e-01
9.694160080137749214e-01 2.451328918692601833e-01 -1.193602657714755953e-02 2.375233870824228788e+01 -2.451264213982519702e-01 9.694890086690358677e-01 2.024747494570443979e-03 -2.748706140554772137e+00 1.206817878237514442e-02 9.630128471482354196e-04 9.999267131480851223e-01 1.549040527893465746e-01
9.681052954680227085e-01 2.502471396108982282e-01 -1.218630392432767939e-02 2.422356288832779114e+01 -2.502248565796645896e-01 9.681819733245599080e-01 3.344798805229140699e-03 -2.880667948041228055e+00 1.263558611457094374e-02 -1.888012839163478399e-04 9.999201499707945917e-01 1.437444669507822459e-01
9.666206036763593801e-01 2.558669442137327388e-01 -1.329343473587847255e-02 2.471411523873845084e+01 -2.558551698113413209e-01 9.667116072686443573e-01 2.607767797163299331e-03 -3.013791903840552955e+00 1.351815923712105724e-02 8.804719193824115308e-04 9.999082378598743714e-01 1.569385774164787639e-01
9.650488027859442930e-01 2.617118328922380388e-01 -1.370126875880387472e-02 2.519207140537937661e+01 -2.617329512485527254e-01 9.651402978457205295e-01 2.602018381734556070e-04 -3.137133931463474301e+00 1.329174451072654035e-02 3.334966035679337061e-03 9.999060993560358046e-01 1.821231715335302481e-01
9.635559054352920150e-01 2.671852539864304488e-01 -1.311705580461499689e-02 2.566618786030812061e+01 -2.671961288519166811e-01 9.636417013557001532e-01 9.487543630626694502e-04 -3.253922539625106136e+00 1.289363514780249124e-02 2.590648663591156066e-03 9.999135176164872796e-01 1.941104275721945160e-01
9.621821371717843574e-01 2.720572237713058672e-01 -1.379861954643158209e-02 2.612518629267454173e+01 -2.720733113767280220e-01 9.622762466825618421e-01 7.336940939210259173e-04 -3.400902334182548614e+00 1.347769060483037379e-02 3.048288761106036394e-03 9.999045253380891563e-01 1.996494503639634766e-01
9.605660717391575343e-01 2.777047807049974892e-01 -1.388800191506414650e-02 2.662476441941343808e+01 -2.777193594785386521e-01 9.606618218863489655e-01 9.062785614553144770e-04 -3.549712928075300145e+00 1.359335111125321502e-02 2.986426558609786390e-03 9.999031463406724551e-01 1.920228581926788358e-01
9.592111718795066633e-01 2.822985762663374198e-01 -1.488091326305167501e-02 2.707600465467287520e+01 -2.823165069360625279e-01 9.593208711445729842e-01 9.252555527168534501e-04 -3.696295292301752244e+00 1.453676900015205518e-02 3.313611989433718711e-03 9.998888449835909853e-01 1.920340830178223768e-01
9.579709811583778656e-01 2.864477456241403819e-01 -1.546894583682679319e-02 2.755701718170726977e+01 -2.864827528252971711e-01 9.580853980260469749e-01 -4.922307199125251775e-05 -3.852478495227944055e+00 1.480647129111497054e-02 4.478740461210648817e-03 9.998803474875314068e-01 2.154332013005032520e-01
9.564012209061596437e-01 2.916074268054937857e-01 -1.618064526172771633e-02 2.803781809549791149e+01 -2.916259867682909901e-01 9.565316065887595753e-01 1.252772184800057288e-03 -4.003094718445429301e+00 1.584261628102625469e-02 3.520543793938965028e-03 9.998682999679343597e-01 2.071494307686682079e-01
9.550031591761485306e-01 2.961105029338758077e-01 -1.695688697323631880e-02 2.850646682035306867e+01 -2.961571002804914143e-01 9.551392098421452870e-01 -2.485469237958229209e-04 -4.138239260487583060e+00 1.612259027039165613e-02 5.259265573206231559e-03 9.998561907637535384e-01 2.188105577645936273e-01
9.535783902885447416e-01 3.006684122468485931e-01 -1.693397329828222331e-02 2.900655950640851799e+01 -3.007062853925893675e-01 9.537167425822019595e-01 3.237958993656427087e-04 -4.307839890294467011e+00 1.624756905196601819e-02 4.783387434964621668e-03 9.998565575644081660e-01 2.212784285751134283e-01
9.521830323957474196e-01 3.050183664304564890e-01 -1.764281603755209205e-02 2.948299061516791042e+01 -3.050830437979502041e-01 9.523251910212042759e-01 -1.032924684921296063e-03 -4.463009164951041718e+00 1.648663715307337185e-02 6.366057376628465013e-03 9.998438198583118330e-01 2.331717380952689489e-01
9.505576701583162702e-01 3.100273873771964284e-01 -1.797595002394306377e-02 2.995156593350386487e+01 -3.100788334940035029e-01 9.507108450157827351e-01 -7.866622107305116379e-05 -4.615926569113844025e+00 1.706554195423027817e-02 5.648738394194127363e-03 9.998384164615612413e-01 2.406651127228522091e-01
9.489553991966755975e-01 3.148720195973411240e-01 -1.841905562643469940e-02 3.042663847492647378e+01 -3.149235094574026617e-01 9.491170480814695720e-01 1.105990531087850184e-04 -4.777415309449684955e+00 1.751666425182800413e-02 5.695640070174310884e-03 9.998303486880560920e-01 2.400370082245622816e-01
9.472716886569219064e-01 3.198832105777517087e-01 -1.873711449325444339e-02 3.090353217499952621e+01 -3.199207273931722328e-01 9.474437425301635018e-01 1.040636661286325343e-03 -4.941351997805388585e+00 1.808524407596234090e-02 5.008625650516111520e-03 9.998239033028795131e-01 2.461586376278807053e-01
9.457143690637439537e-01 3.243802541234985792e-01 -2.004452247221301733e-02 3.137897868986578231e+01 -3.244454075546839844e-01 9.459044230332832592e-01 1.657254272446374854e-06 -5.117884291301375121e+00 1.896074004461837867e-02 6.501785973557530109e-03 9.997990883753167246e-01 2.638829002920143885e-01
9.441164329424907020e-01 3.289802137056856979e-01 -2.040049112420602370e-02 3.184316421235333650e+01 -3.290565826723189091e-01 9.443101167206185975e-01 -4.109246975674708119e-04 -5.299728261898338566e+00 1.912920405983424207e-02 7.100876653843579862e-03 9.997918038785795769e-01 2.734186776577147149e-01
9.422223230911106473e-01 3.343785225401255112e-01 -2.020142402588002289e-02 3.232029424123254557e+01 -3.344406541176911385e-01 9.424167582321960612e-01 3.204316609848878450e-04 -5.457727419383610723e+00 1.914530600751905565e-02 6.454259601319031411e-03 9.997958790627601289e-01 2.663919059617492202e-01
9.401923188142218279e-01 3.400226413908954970e-01 -2.056713359452556206e-02 3.280152579532714441e+01 -3.400939589205695390e-01 9.403914600180877104e-01 3.210581333026223463e-05 -5.640534271049923554e+00 1.935207349279551015e-02 6.964572248728045575e-03 9.997884736207562906e-01 2.875499355942769952e-01
9.382694124305642758e-01 3.452862582377744238e-01 -2.068597518514846481e-02 3.329072451670739241e+01 -3.453628200355233768e-01 9.384692342800603493e-01 -1.372840408296683093e-04 -5.810052155642341454e+00 1.936574899956877358e-02 7.272976141453077123e-03 9.997860128966256088e-01 2.945524393204189684e-01
9.363056822268690516e-01 3.506105138325891768e-01 -2.009818448828295037e-02 3.377140703754412954e+01 -3.506651229886389998e-01 9.365005288072063561e-01 8.550223304775697759e-04 -5.981338891995658713e+00 1.912174021996885034e-02 6.247170068975087601e-03 9.997976454848697125e-01 2.981655289690494093e-01
9.341877543745308321e-01 3.562288434993017283e-01 -1.985574566268630617e-02 3.425259462207958450e+01 -3.562925762453360568e-01 9.343743777880649803e-01 3.496364222824051814e-04 -6.166484099402219421e+00 1.867725057744548320e-02 6.747828711251114414e-03 9.998027941141948149e-01 3.202927061511643969e-01
9.323787469083626434e-01 3.609426862492573496e-01 -1.975473504660848340e-02 3.473253783763109936e+01 -3.609883426911285054e-01 9.325693819720999311e-01 1.328250461302384316e-03 -6.360235999284062913e+00 1.890208334295255532e-02 5.892796564087976474e-03 9.998039738838561119e-01 3.211121485482601456e-01
9.303697428833275218e-01 3.660755134938521449e-01 -2.002148714315784769e-02 3.521763124544350632e+01 -3.661136331743695127e-01 9.305682950593631153e-01 1.858987405368061263e-03 -6.558836460066550522e+00 1.931189092436007629e-02 5.600593765179818877e-03 9.997978216711631561e-01 3.360661890757793979e-01
9.283741131766045651e-01 3.711093543277242945e-01 -1.998382130656104275e-02 3.570242671093632936e+01 -3.711335281119871876e-01 9.285758056224894252e-01 2.622503325765243760e-03 -6.746257957541408778e+00 1.952972848510283951e-02 4.982001907303497748e-03 9.997968640490395575e-01 3.285982563255639421e-01
9.263159240721761112e-01 3.762024671830915823e-01 -2.026110795749843513e-02 3.620054158980099857e+01 -3.762405445858904018e-01 9.265197648588973101e-01 2.043999884116337769e-03 -6.935389742361180332e+00 1.954127477988869960e-02 5.729660650384081795e-03 9.997926332839266461e-01 3.526227684007906538e-01
9.242742395113521248e-01 3.812586249924407311e-01 -1.894705899566003979e-02 3.663976924583588612e+01 -3.812992513701314867e-01 9.244503456613683001e-01 1.561829425371537728e-03 -7.139574775529133888e+00 1.811107617699414876e-02 5.780940706329158393e-03 9.998192684901912042e-01 3.817977724156867425e-01
9.222030967697508741e-01 3.862666030440126130e-01 -1.842714522438681363e-02 3.712004306584284308e+01 -3.863003531962312387e-01 9.223712210388721466e-01 1.835134798062888328e-03 -7.342970458342373163e+00 1.770551972545390124e-02 5.426045714815344936e-03 9.998285215971548512e-01 4.024617658737730252e-01
9.200988806587746538e-01 3.912507417202211180e-01 -1.846366469167849342e-02 3.759568354354682640e+01 -3.912744391484458406e-01 9.202707516396817500e-01 2.461086265097361080e-03 -7.524080869943326810e+00 1.795447241049081058e-02 4.959917329140696787e-03 9.998265030196734626e-01 4.091681806149267686e-01
9.184552954900819799e-01 3.950931449278691776e-01 -1.847368445200005260e-02 3.804263076800231147e+01 -3.950948198506040177e-01 9.186328379989795456e-01 3.713795519330121211e-03 -7.737157665107854854e+00 1.843782832778959740e-02 3.887901869443776554e-03 9.998224495907303000e-01 4.011966306235621449e-01
9.166366014788444039e-01 3.992799977000995870e-01 -1.878361695528034392e-02 3.851248220629910435e+01 -3.993073945033106531e-01 9.168138812044005492e-01 2.431445228800502810e-03 -7.945026378178961401e+00 1.819190820919074081e-02 5.271685454551557765e-03 9.998206158147453504e-01 4.280002867190716986e-01
9.143755685865725402e-01 4.044467527498871173e-01 -1.844298679861294463e-02 3.899212381216971579e+01 -4.044660737074510792e-01 9.145486036634091764e-01 2.836680628334908253e-03 -8.149162857175584307e+00 1.801429409277272367e-02 4.865770995441083893e-03 9.998258895832609072e-01 4.357731673401364358e-01
9.120812205953304774e-01 4.095817853460569369e-01 -1.872453337385407077e-02 3.947107241835611546e+01 -4.096204566603576236e-01 9.122540667518796997e-01 1.897150499346772923e-03 -8.356660293120127037e+00 1.785857000692228289e-02 5.939596568252965628e-03 9.998228806493248966e-01 4.394062136682070907e-01
9.097589086082622511e-01 4.147124358318998172e-01 -1.877028966947388855e-02 3.993363676651122063e+01 -4.147365748218207471e-01 9.099373014271951998e-01 2.771457460983057890e-03 -8.587586880700790459e+00 1.822914460329660286e-02 5.263367530972833976e-03 9.998199814212886949e-01 4.284631184456465514e-01
9.078784041274144956e-01 4.188020395483845748e-01 -1.901722874586219553e-02 4.040088895963902615e+01 -4.188527803168979879e-01 9.080530392321938260e-01 1.423503417763086285e-03 -8.796954080998537151e+00 1.786481849511728504e-02 6.673051122938141594e-03 9.998181427884008654e-01 4.480699767641359577e-01
9.059416584165599362e-01 4.230023553444168249e-01 -1.840431793163842256e-02 4.086396155916949624e+01 -4.230653314344790528e-01 9.060990331777674101e-01 5.171194730688210076e-04 -9.019813213243841332e+00 1.689487743925639773e-02 7.317748792542670168e-03 9.998304924680592176e-01 4.745785733317171018e-01
9.041039314387911974e-01 4.269517946368585615e-01 -1.755694202551309410e-02 4.132287568626714602e+01 -4.270268053778360495e-01 9.042387776485419915e-01 -5.835113284518239976e-04 -9.228286251379776317e+00 1.562653658752283584e-02 8.024839751451098152e-03 9.998456947455653943e-01 4.969090871989798042e-01
9.025287782622906096e-01 4.302779700850412614e-01 -1.739749602309021564e-02 4.177227962057457944e+01 -4.303517350343971093e-01 9.026611088185652054e-01 -5.538766310901254916e-04 -9.456643088907600969e+00 1.546572213836619469e-02 7.986932197956701784e-03 9.998484987000800794e-01 5.021427209716226026e-01
9.011469369395802564e-01 4.331462958431225307e-01 -1.784613240437324388e-02 4.226017682557004207e+01 -4.332347424892221688e-01 9.012802814263436435e-01 -1.229720434956465928e-03 -9.658188684957334402e+00 1.555171838446132299e-02 8.839723379890234572e-03 9.998399888711479999e-01 5.039968365179476883e-01
9.002289281699208390e-01 4.350584934676920978e-01 -1.766307299587672672e-02 4.270800150525932537e+01 -4.351420707628913531e-01 9.003612482055028954e-01 -1.000490885405471743e-03 -9.886753452763809236e+00 1.546787439237981912e-02 8.586616996874248120e-03 9.998434951882871902e-01 5.020628243833803461e-01
8.992254928446062889e-01 4.371268847601220697e-01 -1.770874468408078009e-02 4.318564976342717188e+01 -4.372440415411430470e-01 8.993372378920386767e-01 -3.190717393593904463e-03 -1.011789528576107955e+01 1.453138517630489165e-02 1.061221751707004841e-02 9.998380967357806126e-01 5.265826808744282772e-01
8.985438993138376018e-01 4.385303138576572834e-01 -1.760752207974499578e-02 4.365198598342984582e+01 -4.386586227941134952e-01 8.986447099763956725e-01 -4.037063265710053375e-03 -1.034952433853427678e+01 1.405253195178037678e-02 1.135116995486564959e-02 9.998368253302135633e-01 5.457115901775497768e-01
8.983990678984019596e-01 4.387809109103455452e-01 -1.871969604373860743e-02 4.411234399032193210e+01 -4.389150811530859730e-01 8.985214540773139857e-01 -3.570448034822731008e-03 -1.058416556479465065e+01 1.525340406802778472e-02 1.142404409466305643e-02 9.998183959504148843e-01 5.540317887324979207e-01
8.978641332559870181e-01 4.398272020183910946e-01 -1.979976204777804047e-02 4.456917455796472183e+01 -4.399792274333950148e-01 8.979995426532593195e-01 -3.885977566824024010e-03 -1.080747077176990345e+01 1.607101862322559901e-02 1.220056388903510008e-02 9.997964135768848681e-01 5.594281382913749434e-01
8.977776808338708836e-01 4.399286206095785468e-01 -2.140197572911943860e-02 4.503462022180755042e+01 -4.401278658173280456e-01 8.979184875048094039e-01 -5.463655201368679964e-03 -1.103350064841655609e+01 1.681361138008109421e-02 1.432475359749228044e-02 9.997560221907796363e-01 5.578747516002935392e-01
8.975654566841747561e-01 4.404063949171309611e-01 -2.045625291750285610e-02 4.547362001519184815e+01 -4.405954945626647801e-01 8.976878977665316839e-01 -5.661128384502646382e-03 -1.124324556663821539e+01 1.587013353471176599e-02 1.409416615486998661e-02 9.997747212957474039e-01 5.731876848083136133e-01
8.982546369874246928e-01 4.391384896376617775e-01 -1.720447759576232069e-02 4.595362202353567938e+01 -4.392590921624830447e-01 8.983523782169475780e-01 -3.801908013831537588e-03 -1.149070471751061184e+01 1.378611922119796912e-02 1.097230471266816276e-02 9.998447636738971855e-01 5.667704056115526745e-01
8.984976708164676973e-01 4.388941140077552427e-01 -8.596058790515274939e-03 4.644950102387339541e+01 -4.388918781903463628e-01 8.985370757292583388e-01 2.245617612852479801e-03 -1.172485220713272724e+01 8.709465881019479161e-03 1.755058192911496118e-03 9.999605317085303868e-01 5.602779877791608243e-01
8.989580710771547523e-01 4.380008131510034208e-01 -5.447396102813892131e-03 4.691899082871800886e+01 -4.379707669846360507e-01 8.989698287111234087e-01 5.903755921703907755e-03 -1.194393090833373705e+01 7.482894635819608252e-03 -2.921428786266757217e-03 9.999677352503509864e-01 5.749148674300790240e-01
8.996573210521984221e-01 4.365380996066809405e-01 -7.154877285399999232e-03 4.739901401249727542e+01 -4.364903204607266107e-01 8.996790599285013901e-01 7.334116869823894234e-03 -1.214665077590864328e+01 9.638714710678682185e-03 -3.475157256228080839e-03 9.999475078526725014e-01 5.839133549442285798e-01
9.007030948004181026e-01 4.343153267798480210e-01 -1.020450591958980274e-02 4.783715632194486034e+01 -4.342352208852778284e-01 9.007527157122827699e-01 9.182487661931578588e-03 -1.237105850428181952e+01 1.317983154911631441e-02 -3.839539173050226378e-03 9.999057705500431492e-01 5.920444005404772447e-01
9.011034729124731690e-01 4.333224513010583978e-01 -1.562639765018308466e-02 4.831283207824299808e+01 -4.331695424151702500e-01 9.012286720453234201e-01 1.228935341077498633e-02 -1.258342016649920225e+01 1.940821034798870595e-02 -4.305099518570789340e-03 9.998023742166365357e-01 6.065387172149766526e-01
9.014525107482427302e-01 4.323110058267473632e-01 -2.214870440353902334e-02 4.876780424450341656e+01 -4.320746659407015966e-01 9.017167658304167110e-01 1.477691688291720394e-02 -1.281656856182278226e+01 2.636008190276529703e-02 -3.750794769045341301e-03 9.996454759666949519e-01 5.823053987100590412e-01
9.015898429604736197e-01 4.319313327844690464e-01 -2.389725569057710164e-02 4.922601514166812819e+01 -4.315603364437446965e-01 9.018791651547611865e-01 1.922621825302289755e-02 -1.304551538424641599e+01 2.985684308614081073e-02 -7.021055389559058627e-03 9.995295261782647378e-01 5.895873633837545036e-01
9.019964321874246460e-01 4.310768196968219335e-01 -2.398357440479598549e-02 4.968449907912363273e+01 -4.306226577538111999e-01 9.022657898404796706e-01 2.192193222732488969e-02 -1.326942646316978269e+01 3.108959552970564158e-02 -9.445634103072048787e-03 9.994719691147871954e-01 6.196387455450285131e-01
9.029780797704898276e-01 4.289791176618931168e-01 -2.464759753044340126e-02 5.013752608402051436e+01 -4.285120629100693801e-01 9.032654434958712342e-01 2.211222573066339708e-02 -1.349189823859768289e+01 3.174900619792429129e-02 -9.405062266178619568e-03 9.994516223455808257e-01 6.326595737563220911e-01
9.034308629388632106e-01 4.280520128437174110e-01 -2.416919920028613722e-02 5.063811093539926844e+01 -4.275497512463967142e-01 9.036898975259570754e-01 2.336192026930898613e-02 -1.372354993288453251e+01 3.184157814376317730e-02 -1.077234468290379048e-02 9.994348755628589265e-01 6.518935733540510702e-01
9.045617482410234222e-01 4.256475649585629850e-01 -2.433503778483208854e-02 5.110235795572877038e+01 -4.251577180068300543e-01 9.048296806221871602e-01 2.289462566576496924e-02 -1.396058973086588040e+01 3.176410613204915662e-02 -1.036337348533896904e-02 9.994416651569191234e-01 6.505967558753870117e-01
9.051883264728267653e-01 4.242974133056712227e-01 -2.461297786615223443e-02 5.156351907510187971e+01 -4.237730293265256631e-01 9.054539738557653150e-01 2.386463584936265175e-02 -1.418868226419156642e+01 3.241162187769789510e-02 -1.117167359528194875e-02 9.994121674646240239e-01 6.691191111903884714e-01
9.061212647715036761e-01 4.222680153401066061e-01 -2.517889492447948283e-02 5.202905010143163622e+01 -4.217326874170939099e-01 9.064028569100375243e-01 2.398752486768685604e-02 -1.440111653546520643e+01 3.295138681218542920e-02 -1.111684334915295780e-02 9.993951280154932393e-01 6.829651709213296895e-01
9.067123519515496444e-01 4.210101176963331748e-01 -2.496380611623450624e-02 5.251941762409386172e+01 -4.205013864874763141e-01 9.069943642148492469e-01 2.323375227145794975e-02 -1.461832794391330026e+01 3.242367623511083902e-02 -1.056901508283214497e-02 9.994183314006099828e-01 7.226058348494756034e-01
9.074966156569594933e-01 4.192907865684391000e-01 -2.539938719702796582e-02 5.300171141178932999e+01 -4.187880843820851462e-01 9.077953785536088116e-01 2.289303510445251863e-02 -1.483307252071044147e+01 3.265628501144046680e-02 -1.013839117068443194e-02 9.994152190524825397e-01 7.392586669217908746e-01
9.083310316415720287e-01 4.174579136779689725e-01 -2.576096396866665167e-02 5.348291691623194311e+01 -4.169077438792701540e-01 9.086268086460195237e-01 2.419205868145190771e-02 -1.506213251330212977e+01 3.350626882322858824e-02 -1.123445225132467876e-02 9.993753634306572486e-01 7.463004241277192419e-01
9.091514884678327801e-01 4.156711951818405359e-01 -2.571047476855151115e-02 5.396686591182476889e+01 -4.150501927789824186e-01 9.094188332307465705e-01 2.628161409345261892e-02 -1.528940667462527259e+01 3.430609990735802167e-02 -1.322283106327315147e-02 9.993238955653059863e-01 7.593831683314244962e-01
9.100942675652977654e-01 4.136342260900975898e-01 -2.520220529299428691e-02 5.443816991444025888e+01 -4.129078032145740984e-01 9.102943981157793907e-01 2.951702565546688445e-02 -1.550598494735541699e+01 3.515067836185713918e-02 -1.645708862092525732e-02 9.992465131511965026e-01 7.800383856282140371e-01
9.110748152788321619e-01 4.114606104409004872e-01 -2.535442802043591862e-02 5.492797810192045205e+01 -4.106924396906119212e-01 9.112600217347611720e-01 3.060870413682576993e-02 -1.571040015016325420e+01 3.569875271791812105e-02 -1.747394756671012336e-02 9.992098179115439516e-01 8.026185910082112018e-01
9.121912680720052347e-01 4.090273940481646275e-01 -2.456992819188794780e-02 5.539762501539824768e+01 -4.081844352427532185e-01 9.122993727791328666e-01 3.309563796567997068e-02 -1.593530017510193275e+01 3.595215263015129337e-02 -2.016048970060483128e-02 9.991501375550574382e-01 8.300340476072801676e-01
9.130281768533425879e-01 4.071952180524179288e-01 -2.390821338170791288e-02 5.589423965378669834e+01 -4.062201480926622144e-01 9.130211134888680524e-01 3.711654088304923438e-02 -1.614327932783780284e+01 3.694238156152113151e-02 -2.417644967300464076e-02 9.990249044572270254e-01 8.490419220793327115e-01
9.139121952001312277e-01 4.052038105777865384e-01 -2.396604593416670065e-02 5.640925745724462104e+01 -4.041683162690612452e-01 9.138655993031662428e-01 3.869933506530763567e-02 -1.636148042657327650e+01 3.758286296584367053e-02 -2.568147782948157487e-02 9.989634578440717005e-01 8.612017543816463672e-01
9.148934239938669721e-01 4.030018393506042407e-01 -2.365460235996758726e-02 5.689783271541210752e+01 -4.018775495492485361e-01 9.147631571074108514e-01 4.126501626285365709e-02 -1.657032125813195833e+01 3.826823618968697854e-02 -2.824683838789913970e-02 9.988681886114995079e-01 8.794402388783647551e-01
9.160551691823946019e-01 4.004063215354792815e-01 -2.275312481047131463e-02 5.738289769559047926e+01 -3.991860025083319163e-01 9.157906265052369044e-01 4.447542924541118131e-02 -1.677948847243101582e+01 3.864534144799994242e-02 -3.165921792419956055e-02 9.987513361717197391e-01 8.950876204411876147e-01
9.170061028770997158e-01 3.982069102870753330e-01 -2.304482340516557023e-02 5.787538361606582527e+01 -3.969239812672817891e-01 9.167053753975225039e-01 4.585420168553672876e-02 -1.698057222808974487e+01 3.938477346747989993e-02 -3.290153973461481390e-02 9.986822959790599974e-01 9.230708634731765727e-01
9.179297547759157627e-01 3.961126692846472785e-01 -2.235438501097380959e-02 5.837860335670502820e+01 -3.948073452054774446e-01 9.175592242653370922e-01 4.703435061097111652e-02 -1.718144598639358023e+01 3.914237433817956135e-02 -3.434855452248947866e-02 9.986431050847872637e-01 9.522523889483276438e-01
9.191285709139580540e-01 3.933379124534794880e-01 -2.208974323988709826e-02 5.886977398586556376e+01 -3.919146061288428795e-01 9.186265023669309970e-01 5.028211065551043552e-02 -1.740091330821872617e+01 4.007008400963436856e-02 -3.755843148798918701e-02 9.984907373589515522e-01 9.613580184265839712e-01
9.200338362706055317e-01 3.912435786319800601e-01 -2.159171823719276476e-02 5.937921809180104304e+01 -3.898275682197132608e-01 9.194965707568509838e-01 5.060161481905741526e-02 -1.759442021848303028e+01 3.965106774221195673e-02 -3.813815078937483199e-02 9.984854902707747115e-01 1.004285919423066664e+00
9.212826770118720532e-01 3.883410995046415182e-01 -2.072243888553423549e-02 5.989116057276594063e+01 -3.868335323373584544e-01 9.205778926273262552e-01 5.381600008578100308e-02 -1.781402640427824835e+01 3.997558376359773569e-02 -4.156361439236321703e-02 9.983358245908049433e-01 1.009567802688716487e+00
9.222755282180339353e-01 3.860101946681586682e-01 -2.009924531908105147e-02 6.038409167604842054e+01 -3.844575460676501466e-01 9.214636294074236567e-01 5.565226815628320639e-02 -1.801283634945720635e+01 4.000306640480204290e-02 -4.359941847718216273e-02 9.982478877446545606e-01 1.040749676890402098e+00
9.234696504057046118e-01 3.831826771742116167e-01 -1.936080300942234073e-02 6.088342452960201001e+01 -3.815891529750814470e-01 9.225378025447491526e-01 5.756493036272418429e-02 -1.822654016276885258e+01 3.991895679154996990e-02 -4.577159369641074782e-02 9.981540152196779481e-01 1.060322940878090092e+00
9.247789118721529977e-01 3.800368382121774857e-01 -1.886705483768031516e-02 6.140830108823011813e+01 -3.784373413784047901e-01 9.237845792746769424e-01 5.837148057701543880e-02 -1.843245629361843996e+01 3.961240723563123900e-02 -4.684071621996653556e-02 9.981166287047816832e-01 1.085648885033706934e+00
